Z =  [[ True  True  True ...  True  True  True]
 [ True False False ...  True False  True]
 [ True False  True ...  True False  True]
 ...
 [ True False  True ...  True False  True]
 [ True False False ...  True False  True]
 [ True  True  True ...  True  True  True]]
P =  [[79 39]
 [79 38]
 [79 37]
 [79 36]
 [79 35]
 [78 35]
 [77 35]
 [76 35]
 [75 35]
 [75 36]
 [75 37]
 [74 37]
 [73 37]
 [72 37]
 [71 37]
 [71 36]
 [71 35]
 [70 35]
 [69 35]
 [69 34]
 [69 33]
 [68 33]
 [67 33]
 [67 34]
 [67 35]
 [67 36]
 [67 37]
 [66 37]
 [65 37]
 [64 37]
 [63 37]
 [62 37]
 [61 37]
 [61 38]
 [61 39]
 [60 39]
 [59 39]
 [58 39]
 [57 39]
 [56 39]
 [55 39]
 [54 39]
 [53 39]
 [52 39]
 [51 39]
 [50 39]
 [49 39]
 [48 39]
 [47 39]
 [46 39]
 [45 39]
 [45 38]
 [45 37]
 [45 36]
 [45 35]
 [44 35]
 [43 35]
 [43 34]
 [43 33]
 [43 32]
 [43 31]
 [44 31]
 [45 31]
 [45 30]
 [45 29]
 [46 29]
 [47 29]
 [47 28]
 [47 27]
 [48 27]
 [49 27]
 [50 27]
 [51 27]
 [51 26]
 [51 25]
 [51 24]
 [51 23]
 [50 23]
 [49 23]
 [48 23]
 [47 23]
 [46 23]
 [45 23]
 [44 23]
 [43 23]
 [43 22]
 [43 21]
 [42 21]
 [41 21]
 [40 21]
 [39 21]
 [38 21]
 [37 21]
 [36 21]
 [35 21]
 [34 21]
 [33 21]
 [32 21]
 [31 21]
 [31 20]
 [31 19]
 [32 19]
 [33 19]
 [33 18]
 [33 17]
 [33 16]
 [33 15]
 [33 14]
 [33 13]
 [32 13]
 [31 13]
 [30 13]
 [29 13]
 [29 12]
 [29 11]
 [28 11]
 [27 11]
 [26 11]
 [25 11]
 [24 11]
 [23 11]
 [22 11]
 [21 11]
 [20 11]
 [19 11]
 [19 12]
 [19 13]
 [19 14]
 [19 15]
 [19 16]
 [19 17]
 [19 18]
 [19 19]
 [18 19]
 [17 19]
 [16 19]
 [15 19]
 [15 18]
 [15 17]
 [14 17]
 [13 17]
 [12 17]
 [11 17]
 [11 16]
 [11 15]
 [11 14]
 [11 13]
 [11 12]
 [11 11]
 [11 10]
 [11  9]
 [10  9]
 [ 9  9]
 [ 8  9]
 [ 7  9]
 [ 6  9]
 [ 5  9]
 [ 4  9]
 [ 3  9]
 [ 3 10]
 [ 3 11]
 [ 3 12]
 [ 3 13]
 [ 2 13]
 [ 1 13]
 [ 1 12]
 [ 1 11]
 [ 1 10]
 [ 1  9]
 [ 1  8]
 [ 1  7]
 [ 1  6]
 [ 1  5]
 [ 1  4]
 [ 1  3]
 [ 1  2]
 [ 1  1]]
